else: 10000
if: 200
int: 2110
void: 30020
return: 4011000
while: 500310

ID:
00
100010
10010
1002
1010
10110
1020
103
110
111000
1110010
111010
11102
11110
1112
1120
120
13
2010
210
2111000
21110010
2111010
211102
211110
21112
21120
2120
220
2210
23000
230010
23010
2302
2310
23110
2320
233
240
25
30000
300010
30010
300110
300111000
3001110010
300111010
30011102
30011110
3001112
3001120
300120
300210
3003000
30030010
3003010
300302
300310
3003110
300320
30033
30040
3005
3010
302
310
32
400000
4000010
400010
40002
40010
400110
40020
4003
4010
40110010
4011010
401102
401110
40112
40120
4020
403
410
42
50000
500010
50010
500110
500111000
5001110010
500111010
50011102
50011110
5001112
5001120
500120
50020
500210
5003000
50030010
5003010
500302
5003110
500320
50033
50040
5005
5010
502
510
52

NUM: 00


	
